1.728699999999999903e+00
1.393499999999999961e+00
1.268799999999999928e+00
1.114500000000000046e+00
1.051600000000000090e+00
9.281000000000000361e-01
1.043700000000000072e+00
8.696000000000000396e-01
7.934999999999999831e-01
7.623999999999999666e-01
7.853999999999999870e-01
7.279999999999999805e-01
7.294000000000000483e-01
6.877999999999999670e-01
6.724999999999999867e-01
7.124000000000000332e-01
6.714999999999999858e-01
6.515999999999999570e-01
7.189999999999999725e-01
6.301999999999999824e-01
6.431000000000000050e-01
7.882000000000000117e-01
6.246000000000000441e-01
7.772999999999999909e-01
6.196000000000000396e-01
7.315000000000000391e-01
6.201999999999999735e-01
6.213999999999999524e-01
6.097000000000000197e-01
6.912000000000000366e-01
6.808999999999999497e-01
5.889999999999999680e-01
5.989999999999999769e-01
6.595999999999999641e-01
5.837999999999999856e-01
5.745000000000000107e-01
5.776999999999999913e-01
5.725999999999999979e-01
6.247000000000000330e-01
5.756000000000000005e-01
5.647999999999999687e-01
5.696999999999999842e-01
5.708999999999999631e-01
5.806000000000000050e-01
5.735999999999999988e-01
5.625000000000000000e-01
5.544999999999999929e-01
6.350000000000000089e-01
