3.620999999999999774e-01
5.194999999999999618e-01
5.957000000000000073e-01
6.488000000000000433e-01
6.889999999999999458e-01
7.201999999999999513e-01
7.448000000000000176e-01
7.661000000000000032e-01
7.820000000000000284e-01
7.952000000000000179e-01
8.050000000000000488e-01
8.154000000000000137e-01
8.225000000000000089e-01
8.313000000000000389e-01
8.346999999999999975e-01
8.397000000000000020e-01
8.417000000000000037e-01
8.431999999999999496e-01
8.487000000000000099e-01
8.517000000000000126e-01
8.521999999999999575e-01
8.546000000000000263e-01
8.576000000000000290e-01
8.586000000000000298e-01
8.615000000000000435e-01
8.622999999999999554e-01
8.627000000000000224e-01
8.658000000000000140e-01
8.668000000000000149e-01
8.700999999999999845e-01
8.716000000000000414e-01
8.717000000000000304e-01
8.712999999999999634e-01
8.731999999999999762e-01
8.766000000000000458e-01
8.770999999999999908e-01
8.745000000000000551e-01
8.798000000000000265e-01
8.784999999999999476e-01
8.796000000000000485e-01
8.801999999999999824e-01
8.803999999999999604e-01
8.814999999999999503e-01
8.833999999999999631e-01
8.839000000000000190e-01
8.806000000000000494e-01
8.859000000000000208e-01
8.853999999999999648e-01
