5.217336900000000242e+03
3.826420900000000074e+03
3.336277799999999843e+03
2.904360799999999927e+03
2.640214599999999791e+03
2.437722900000000209e+03
2.235750700000000052e+03
2.038306900000000041e+03
1.932337899999999991e+03
1.755309700000000021e+03
1.707919699999999921e+03
1.574908400000000029e+03
1.475819899999999961e+03
1.413955400000000054e+03
1.425549899999999980e+03
1.374351799999999912e+03
1.221865800000000036e+03
1.149386199999999917e+03
1.156792799999999943e+03
1.115402700000000095e+03
1.078444500000000062e+03
1.049661499999999933e+03
1.029983199999999897e+03
9.279360000000000355e+02
9.200412000000000035e+02
8.972432000000000016e+02
8.572641999999999598e+02
8.664800000000000182e+02
8.353159000000000560e+02
8.132332999999999856e+02
8.049444999999999482e+02
7.630590999999999440e+02
7.058884000000000469e+02
7.202936999999999443e+02
6.814329999999999927e+02
6.829764000000000124e+02
6.851426000000000158e+02
6.550198000000000320e+02
6.316878000000000384e+02
6.225823000000000320e+02
5.895212000000000216e+02
5.831961000000000013e+02
5.765330000000000155e+02
6.738618999999999915e+02
6.138922999999999774e+02
5.690801000000000158e+02
5.182204000000000406e+02
5.118086000000000126e+02
5.429160000000000537e+02
5.374247000000000298e+02
5.289672000000000480e+02
5.103969999999999914e+02
5.010577000000000112e+02
4.882423999999999751e+02
5.040011000000000081e+02
4.731849000000000274e+02
4.636351000000000226e+02
4.387629999999999768e+02
4.483362999999999943e+02
4.327572000000000116e+02
5.074184000000000196e+02
4.348059999999999832e+02
4.825851999999999862e+02
4.166311000000000035e+02
4.153143999999999778e+02
4.083303999999999974e+02
3.805796000000000276e+02
4.216847000000000207e+02
4.499798000000000116e+02
3.685942000000000007e+02
3.855835999999999899e+02
4.380246000000000208e+02
4.210253999999999905e+02
3.649298999999999751e+02
3.455634000000000015e+02
3.492429999999999950e+02
3.308082999999999743e+02
3.428331999999999766e+02
3.336612000000000080e+02
3.338428999999999860e+02
3.749540000000000077e+02
3.927040999999999826e+02
3.711820999999999913e+02
3.585285999999999831e+02
3.398235000000000241e+02
3.066533000000000015e+02
3.106677999999999997e+02
3.136644000000000005e+02
3.252239999999999895e+02
3.326893000000000029e+02
3.476025000000000205e+02
3.221471000000000231e+02
3.224590999999999781e+02
3.026675999999999931e+02
3.513009999999999877e+02
3.517640999999999849e+02
3.142350000000000136e+02
2.769576000000000136e+02
2.687556000000000154e+02
2.721041999999999916e+02
2.811940000000000168e+02
2.606911999999999807e+02
3.183727999999999838e+02
3.148491000000000213e+02
3.028396999999999935e+02
3.027726999999999862e+02
2.767053999999999974e+02
2.834737999999999829e+02
2.871961999999999762e+02
2.715896999999999935e+02
2.926983999999999924e+02
2.888417000000000030e+02
2.543302999999999940e+02
2.390464000000000055e+02
2.421097000000000037e+02
2.565389999999999873e+02
2.701127999999999929e+02
2.668575000000000159e+02
2.837490999999999985e+02
2.657538999999999874e+02
2.420988000000000113e+02
2.523828000000000031e+02
2.417031000000000063e+02
2.689166999999999916e+02
2.649048000000000229e+02
2.668922000000000025e+02
2.680993000000000279e+02
2.535457000000000107e+02
2.480737000000000023e+02
2.476442000000000121e+02
2.468926999999999907e+02
2.282818000000000040e+02
2.348207999999999913e+02
2.246074999999999875e+02
2.306493000000000109e+02
2.247937000000000012e+02
2.375246999999999957e+02
2.487726999999999862e+02
2.426988000000000056e+02
2.824433999999999969e+02
2.410016999999999996e+02
2.266220999999999890e+02
2.026519000000000119e+02
2.114735000000000014e+02
2.005397000000000105e+02
2.113959000000000117e+02
2.367706000000000017e+02
2.418334000000000117e+02
2.342421999999999969e+02
2.305379000000000076e+02
2.261770999999999958e+02
2.133700000000000045e+02
2.125098000000000127e+02
2.069251999999999896e+02
2.088913000000000011e+02
2.248254000000000019e+02
2.360665999999999940e+02
2.531447000000000003e+02
2.367538000000000125e+02
2.257385999999999910e+02
2.157658000000000129e+02
2.102717000000000098e+02
2.085415000000000134e+02
1.965773000000000081e+02
2.077298999999999864e+02
1.958831999999999880e+02
2.026764000000000010e+02
1.975827999999999918e+02
1.917318999999999960e+02
1.973821000000000083e+02
2.440149000000000115e+02
2.187641000000000133e+02
1.894300000000000068e+02
1.808076000000000079e+02
2.032940999999999860e+02
2.094320999999999913e+02
2.034850000000000136e+02
2.028641000000000076e+02
2.106856999999999971e+02
1.955371000000000095e+02
1.800286999999999864e+02
1.745550000000000068e+02
1.802490999999999985e+02
2.127472999999999956e+02
3.126120000000000232e+02
2.652031999999999812e+02
1.976282999999999959e+02
1.681200000000000045e+02
1.594660000000000082e+02
1.578759000000000015e+02
1.648962999999999965e+02
1.644951000000000079e+02
1.772147999999999968e+02
1.873419000000000096e+02
1.981812999999999931e+02
1.913172000000000139e+02
1.987608999999999924e+02
2.267759000000000071e+02
1.862452999999999861e+02
1.805055999999999869e+02
1.708283000000000129e+02
1.869641000000000020e+02
2.067012000000000000e+02
2.026983999999999924e+02
1.947975999999999885e+02
1.802164999999999964e+02
1.645861999999999910e+02
1.932915000000000134e+02
1.701448000000000036e+02
1.715449999999999875e+02
1.565543999999999869e+02
1.727014000000000067e+02
1.725529999999999973e+02
1.719817999999999927e+02
1.763986999999999910e+02
1.732891999999999939e+02
1.929533999999999878e+02
1.937391000000000076e+02
1.865625000000000000e+02
1.702102999999999895e+02
1.588488000000000113e+02
1.668135000000000048e+02
1.667002999999999986e+02
1.828409000000000049e+02
1.777472999999999956e+02
1.693653999999999940e+02
1.653405999999999949e+02
1.949759999999999991e+02
1.953259999999999934e+02
1.718538000000000068e+02
1.547555999999999869e+02
1.611101999999999919e+02
1.577461999999999875e+02
1.641396000000000015e+02
1.624773999999999887e+02
1.549339999999999975e+02
1.518207999999999913e+02
1.562434000000000083e+02
1.613926999999999907e+02
1.659102000000000032e+02
2.313862000000000023e+02
2.074672999999999945e+02
1.690293000000000063e+02
1.514817999999999927e+02
1.706462999999999965e+02
1.613572000000000060e+02
1.494696999999999889e+02
1.409057999999999993e+02
1.427931000000000097e+02
1.485279999999999916e+02
1.507400000000000091e+02
1.508763999999999896e+02
1.527872000000000128e+02
1.482076999999999884e+02
2.006837999999999909e+02
1.835603000000000122e+02
1.526962000000000046e+02
1.583140999999999963e+02
1.447170000000000130e+02
1.486861000000000104e+02
1.503331000000000017e+02
1.738393000000000086e+02
1.685012999999999863e+02
1.451975999999999942e+02
1.468742000000000019e+02
1.555232000000000028e+02
1.684008000000000038e+02
1.503980999999999995e+02
1.386974999999999909e+02
1.427543000000000006e+02
1.506031999999999869e+02
1.405538999999999987e+02
1.371726999999999919e+02
1.459636999999999887e+02
1.631445999999999970e+02
1.807855999999999881e+02
1.606681000000000097e+02
1.416114000000000033e+02
1.364321999999999946e+02
1.382873999999999910e+02
1.419172000000000082e+02
1.620156000000000063e+02
1.864541999999999859e+02
1.792951999999999941e+02
1.577734000000000094e+02
1.413323000000000036e+02
1.286739000000000033e+02
1.286662000000000035e+02
1.263182999999999936e+02
1.271182000000000016e+02
1.387041000000000111e+02
1.479644000000000119e+02
1.462692999999999870e+02
2.116967999999999961e+02
2.057723000000000013e+02
1.570303999999999860e+02
1.331725000000000136e+02
1.237023999999999972e+02
1.228293000000000035e+02
1.250100999999999942e+02
1.323223999999999876e+02
1.312595000000000027e+02
1.414091999999999985e+02
1.419884999999999877e+02
1.527416000000000054e+02
1.985919000000000096e+02
1.701080000000000041e+02
1.434621999999999957e+02
1.248543999999999983e+02
1.224312999999999931e+02
1.343936999999999955e+02
1.400868000000000109e+02
1.324998999999999967e+02
1.236761000000000053e+02
1.350988999999999862e+02
1.397908999999999935e+02
1.757867999999999995e+02
1.578611999999999966e+02
1.623204000000000065e+02
1.343122999999999934e+02
1.238624999999999972e+02
1.233241000000000014e+02
1.202655000000000030e+02
1.392523999999999944e+02
1.607455999999999960e+02
1.770225000000000080e+02
1.725749000000000137e+02
1.365060000000000002e+02
1.184042000000000030e+02
1.175724000000000018e+02
1.146272000000000020e+02
1.122951999999999941e+02
1.211680000000000064e+02
1.252532000000000068e+02
1.300426999999999964e+02
1.350742999999999938e+02
1.428759000000000015e+02
1.582861000000000047e+02
1.558120999999999867e+02
1.519987999999999886e+02
1.391590999999999951e+02
1.503824999999999932e+02
1.384617000000000075e+02
1.299320999999999913e+02
1.203979999999999961e+02
1.170143000000000058e+02
1.156752999999999929e+02
1.239067000000000007e+02
1.228676999999999992e+02
1.469439999999999884e+02
2.165223000000000013e+02
1.588260999999999967e+02
1.380155000000000030e+02
1.253766999999999996e+02
1.156299999999999955e+02
1.118543999999999983e+02
1.175156000000000063e+02
1.176551999999999936e+02
1.307796999999999912e+02
1.303083000000000027e+02
1.238845000000000027e+02
1.199688000000000017e+02
1.255069000000000017e+02
1.314139999999999873e+02
1.231615000000000038e+02
1.218984999999999985e+02
1.454277999999999906e+02
1.399304999999999950e+02
1.372335999999999956e+02
1.324056999999999960e+02
1.219808000000000021e+02
1.276324999999999932e+02
1.321416000000000111e+02
1.374045000000000130e+02
1.285535999999999888e+02
1.196026999999999987e+02
1.288650000000000091e+02
1.222866000000000071e+02
1.237974999999999994e+02
1.236393999999999949e+02
1.173438000000000017e+02
1.241533000000000015e+02
1.416013000000000090e+02
1.342547999999999888e+02
1.370182000000000073e+02
1.344752000000000010e+02
1.334171000000000049e+02
1.186209999999999951e+02
1.178581999999999965e+02
1.240900000000000034e+02
1.132575999999999965e+02
1.234964999999999975e+02
1.443985999999999876e+02
1.391978000000000009e+02
1.412042999999999893e+02
1.239445000000000050e+02
1.151933999999999969e+02
1.154565999999999946e+02
1.098185000000000002e+02
1.076962000000000046e+02
1.170009000000000015e+02
1.338913000000000011e+02
1.236873999999999967e+02
1.288646999999999991e+02
1.260123999999999995e+02
1.228683999999999941e+02
1.140822000000000003e+02
2.145185999999999922e+02
1.571911000000000058e+02
1.190194999999999936e+02
1.084060999999999950e+02
1.039401000000000010e+02
9.848629999999999995e+01
1.101294999999999931e+02
1.120679999999999978e+02
1.161795000000000044e+02
1.269578999999999951e+02
1.361930000000000121e+02
1.355672000000000139e+02
1.225625000000000000e+02
1.142292999999999950e+02
1.136873999999999967e+02
1.130977000000000032e+02
1.150883000000000038e+02
1.113868999999999971e+02
1.117090000000000032e+02
1.213315000000000055e+02
1.352879000000000076e+02
1.443129000000000133e+02
1.298575999999999908e+02
1.110811000000000064e+02
1.080906999999999982e+02
1.066184999999999974e+02
1.069515999999999991e+02
1.124009999999999962e+02
1.147964999999999947e+02
1.230477000000000061e+02
1.305554999999999950e+02
1.312516999999999996e+02
1.217498999999999967e+02
1.111687000000000012e+02
1.173358999999999952e+02
1.095169000000000068e+02
1.235815999999999946e+02
1.403372999999999990e+02
1.261426000000000016e+02
1.165546999999999969e+02
1.063029999999999973e+02
1.076384000000000043e+02
1.095587000000000018e+02
1.138873999999999995e+02
1.177340999999999980e+02
1.186654000000000053e+02
1.118723999999999990e+02
1.110018000000000029e+02
1.118491000000000071e+02
1.046447000000000003e+02
1.052012000000000000e+02
1.193195000000000050e+02
1.383862000000000023e+02
1.243080000000000069e+02
1.286299999999999955e+02
1.262686000000000064e+02
1.114300999999999959e+02
1.037724999999999937e+02
1.053127000000000066e+02
1.027691999999999979e+02
1.051119000000000057e+02
1.092699000000000069e+02
1.217668000000000035e+02
1.208452000000000055e+02
1.173477000000000032e+02
1.151697999999999951e+02
1.147206999999999937e+02
1.378138999999999896e+02
1.799151999999999987e+02
1.208804999999999978e+02
1.029136000000000024e+02
1.035430999999999955e+02
1.026043999999999983e+02
1.007693000000000012e+02
1.008037000000000063e+02
9.731820000000000448e+01
1.001277999999999935e+02
1.057595000000000027e+02
1.085400999999999954e+02
1.040048000000000030e+02
1.106320000000000050e+02
1.452444999999999879e+02
2.396108999999999867e+02
1.378307000000000073e+02
1.065407000000000011e+02
9.399519999999999698e+01
9.089780000000000371e+01
8.898799999999999955e+01
9.032980000000000587e+01
9.780500000000000682e+01
1.049720999999999975e+02
1.069624000000000024e+02
1.143590999999999980e+02
1.139489999999999981e+02
1.103074000000000012e+02
1.022626000000000062e+02
1.057117999999999967e+02
1.075443000000000069e+02
1.045925000000000011e+02
1.053174000000000063e+02
1.102924000000000007e+02
1.143932999999999964e+02
1.176804000000000059e+02
1.165258000000000038e+02
1.140515999999999934e+02
1.105506000000000029e+02
1.154103000000000065e+02
1.101102999999999952e+02
1.307124000000000024e+02
1.150189000000000021e+02
1.166328000000000031e+02
1.095614999999999952e+02
9.934929999999999950e+01
9.942570000000000618e+01
9.350449999999999307e+01
9.378700000000000614e+01
9.725260000000000105e+01
1.038679999999999950e+02
1.197001999999999953e+02
1.314376000000000033e+02
1.191517999999999944e+02
1.058071000000000055e+02
9.949930000000000518e+01
1.040301999999999936e+02
1.031530000000000058e+02
1.020927999999999969e+02
1.050614999999999952e+02
1.006637000000000057e+02
1.056834999999999951e+02
1.099530000000000030e+02
1.316622999999999877e+02
1.179034999999999940e+02
1.055918999999999954e+02
9.873850000000000193e+01
9.712839999999999918e+01
9.721899999999999409e+01
9.913949999999999818e+01
